.Random.seed <-
c(403L, 128L, -1958690863L, -1792802529L, -150416910L, -14007873L, 
-1147531383L, -856661148L, -1512685462L, -1453169140L, -1074519506L, 
2026343427L, 1959064241L, -1669977334L, 414315706L, 1216651336L, 
868359205L, -1427691867L, -176130606L, 1428593026L, 879106625L, 
452960426L, -1598307256L, -1173557383L, 954349123L, -121390495L, 
1046807361L, 1437556968L, -1625433458L, -1764485993L, -2094511925L, 
39058315L, 633096932L, -1401490840L, 505094403L, 2078808473L, 
1591665616L, 681078901L, 603223543L, 872648218L, -479196504L, 
-757175862L, 648749904L, -1433398963L, -880243833L, -2045853392L, 
326326648L, 1781366222L, -1971422141L, -187242413L, 1094551228L, 
2000046884L, -1245500145L, -648565488L, -172472994L, 312274999L, 
154817217L, 1124603911L, 446607827L, -1426100366L, 623196060L, 
1223847885L, 357126041L, 1450041793L, 994852682L, 1848480126L, 
1355972981L, -775464797L, -1136595338L, -1379443029L, 44870693L, 
-178861008L, -1744245650L, -2101231488L, -1100875470L, -781495561L, 
-1079845195L, 1050407966L, 613559878L, -1778271260L, 263170081L, 
-439526599L, -475874802L, -1520739506L, 1860257389L, 271923614L, 
-437871604L, 1392870157L, 948778815L, -365581011L, 1387801917L, 
1261262468L, -1240263734L, 1648611139L, 1031053039L, 925116799L, 
1867735912L, 458928116L, -741218457L, 1506176109L, 843433268L, 
-1163854591L, 61844243L, 804168086L, 1070346188L, 627678078L, 
-1459809868L, 434035953L, -869432581L, -505873692L, 1668825012L, 
112287866L, 438278047L, 1196085063L, 517198296L, 931315944L, 
-594817109L, 526495521L, -22729448L, 2029937604L, 1628067730L, 
-1233564235L, -2042838960L, 578124620L, 1183285542L, -903866782L, 
192023821L, -2014596036L, -1683616133L, 109668150L, -462470260L, 
1524304027L, 827662374L, 1406969918L, 330869415L, 1859194663L, 
-212563679L, 942720054L, 1852079261L, -1495493731L, -381092317L, 
1536736285L, -596211970L, 1804462261L, -2000437788L, 1465440837L, 
-2110658373L, 1566661050L, 69361761L, -158406833L, 1666030482L, 
-1251345978L, -205629780L, 37893591L, -1989778098L, 550875898L, 
685552960L, -840418532L, 486505723L, 301907586L, -103573087L, 
-291777196L, 153520838L, -1873685099L, 1252825932L, 1385444428L, 
1616822209L, 661715585L, 196002571L, -1550760984L, -609151621L, 
-970979157L, 1538570285L, -1278222032L, -904635397L, -1125725407L, 
373288398L, 612294250L, -1370556484L, -778366296L, -422595895L, 
2023703574L, 1770968239L, 679090454L, 26085286L, -343130540L, 
-653043247L, -765840560L, 1135471888L, 1610162121L, 84778774L, 
2038808242L, 88085195L, 530088515L, 329062721L, -588024669L, 
250394148L, 1760740553L, 969841248L, 895761405L, -1025361267L, 
-1814681297L, 739043116L, 746380393L, -536118027L, 1973721798L, 
-714035091L, 1144417283L, 1380709588L, 734276360L, -862485226L, 
-66506102L, -1850219837L, -1126840032L, 181373973L, 165406948L, 
-1999315552L, 1381173670L, -1159105289L, -1687947234L, -1304400178L, 
-999925489L, 1531587160L, 1988602852L, 1077192401L, 253230129L, 
1690263579L, 900150757L, -1619369826L, -964830773L, -995539346L, 
1263528483L, -473572265L, -788129559L, 1764509042L, -1007711081L, 
185072963L, -1339201004L, 237240823L, -1051605115L, -904976462L, 
2135387278L, -799899768L, 1982374284L, 450360957L, -1480704814L, 
2119714515L, -1824772118L, 892672714L, -1682560208L, 230423965L, 
178461788L, 613582980L, 353373741L, 1661089538L, 1361824022L, 
-1949709377L, -1559888249L, -94202835L, 1591806535L, 1123577704L, 
62981205L, 2135991956L, -36058703L, 78483473L, 1794237867L, -1544346760L, 
-1739390859L, 884893849L, 1788492634L, -2043475047L, 1656994823L, 
-204584808L, 719897004L, -1245484958L, -1670920498L, 1699806071L, 
1613786300L, 1964297913L, 2047341752L, -261963788L, -1781904926L, 
-1598901469L, 1505080314L, -826428962L, 1751386755L, 1237507129L, 
-371178443L, -792564931L, -1654246811L, -1615634364L, -402001119L, 
-405233333L, 1682679656L, 40653440L, 1145860223L, 129001600L, 
-1112043552L, 996446720L, 1836355686L, 1667891393L, -421554618L, 
1260202184L, 1321616490L, -514645372L, -1244993852L, 433043557L, 
-1297972806L, 716518122L, -1717532797L, 890653255L, -343451184L, 
-882501197L, 419924983L, -1211337555L, -323686545L, 50969560L, 
399706341L, -811689321L, 801003731L, -2067304121L, -80338977L, 
-1367460914L, -371680369L, -2090038231L, -944286582L, -2015760346L, 
-925175983L, 317473298L, -782724466L, -581254018L, -1346331808L, 
-1408308745L, -1830760196L, -1770084062L, 115801412L, 10611218L, 
-942621526L, -675515093L, -211968780L, -386231988L, 1661295073L, 
1473264929L, -1617201658L, -289066847L, 1294294673L, 1838715583L, 
1035319589L, 1223114578L, -1522822817L, 1837446805L, 183046713L, 
971609689L, -1095805759L, -20257128L, -20316131L, -1568448777L, 
-2125295708L, 167877004L, 281098331L, -633818116L, -435322708L, 
2015672284L, -1517136430L, -2072407147L, 1699804458L, -1214378996L, 
-1690860362L, -1314101936L, 1352951896L, 1635670329L, -1055680330L, 
-1861986282L, -1185925921L, 1396413139L, 252743460L, 968546743L, 
-1113302917L, -1496728295L, -1907515173L, -96206684L, -2054664263L, 
1200731771L, 451935071L, 930989563L, -1276637325L, 767885658L, 
-449508349L, 2000805357L, 1478310766L, -1865562886L, 240159621L, 
-1035632826L, -1157688750L, 570405890L, 2135929268L, 668434435L, 
-1650700952L, -1971269474L, 1558097288L, 952285417L, 1214899673L, 
-1758470019L, 1871465532L, -1004438783L, -525336844L, -1478607751L, 
-1970179156L, -229221994L, -97390658L, 1486491029L, 1894571529L, 
175008923L, -1891752786L, -345585687L, 1231533015L, -1125768734L, 
-162677702L, 675168286L, 1459739077L, -822418966L, 461728201L, 
-1548048996L, 128920833L, -47291989L, -830684301L, 1794543222L, 
-290577882L, 1694328284L, 1538388723L, 452788064L, -1542560336L, 
-1294677101L, 830900355L, 555379607L, 1337455110L, -1602442429L, 
-1634434390L, -1514233741L, -1332011898L, 1923351552L, -828901348L, 
1339955347L, -625766633L, -1829651107L, -1752315176L, -2010429177L, 
-255026719L, 414044360L, -627719776L, 2084629332L, 337570491L, 
-1194443320L, 1268363131L, 118435386L, -1594372481L, 422192825L, 
1244542637L, 1784348104L, -1806698864L, 667376682L, 370551417L, 
-1189256454L, 1475536462L, 882149637L, -1128844771L, -268019591L, 
-57031080L, -1681123643L, -1467753128L, 344053557L, 1974904352L, 
2120351490L, -1352503958L, -1376708911L, 1358372413L, 91367991L, 
1076539314L, 243188069L, 569256123L, -2080964906L, -1429431602L, 
1064296706L, -484316359L, 421906326L, -484326427L, 264768016L, 
2078271029L, -1419839433L, -1771283041L, -442359830L, 1828093570L, 
-1646032456L, -331051969L, -451749804L, 761943532L, -1455501129L, 
1769069727L, 1967417099L, -35947606L, -1450417185L, -1159356362L, 
-1825674601L, 696829602L, -736711660L, -1654890320L, 831350839L, 
-1216462829L, 2107241473L, -762651964L, 814201643L, -1369995231L, 
-826182844L, -1708002543L, -1607629747L, -1766122321L, 1365062348L, 
-188871188L, -1330831954L, -1792384814L, -1951114206L, -525843117L, 
994527372L, 1145616399L, 1603625179L, 1930266387L, 1038003123L, 
1955378228L, 1535747791L, -802646630L, 482562870L, -273294714L, 
1865396719L, 361770221L, -1638260421L, 970459775L, 781583619L, 
-1851560858L, -96853229L, -1004023556L, -1518698504L, -340707838L, 
-1274439290L, 874280095L, -1572825442L, 1698459243L, 12391663L, 
-1074287063L, 1612655046L, -1615720810L, -87112880L, -234116468L, 
865824792L, 1646935317L, -1260145142L, 2124306841L, 1680741533L, 
-1205326447L, -2015881671L, -146613534L, 2043889097L, 464171564L, 
2141772944L, 905080112L, 933616193L, -1626350073L, -1396231763L, 
-1288586839L, -302477967L, 1008199200L, 1098268609L, -649442861L, 
-1351681984L, -611890321L, -734955245L, 1502162507L, 1111499239L, 
777299023L, -690072681L, 601342808L, 1356902952L, 759733521L, 
772299591L, -872836742L, 455883139L, 1680546739L, -1737865508L, 
-1525156222L, 1483722969L, -602913620L, 1865744364L, -579078230L, 
-1817539200L, -1346312448L, 1212913760L, -1488899883L, -1387253953L, 
